time: 36.3175
mist: 0.000536253
dt: 0.000109796
