time: 20.7956mist: 0.000210626
dt: 0.000219727
