time: 0.006538mist: 0.00866647
dt: 0.009