time: 0.444139
mist: 0.00213269
dt: 0.00225
----------------
time: 0.628603
mist: 0.00213269
dt: 0.00225